/*********************************************
 * OPL 20.1.0.0 Data
 * Author: hamro
 * Creation Date: 20 déc. 2020 at 13:01:52
 *********************************************/

 	
//Actifs = 3;
//Rendements=[0.1073,0.07415,0.062];
////R=0.1073; rendement bizarre
//R=0.107;

//R=1.2;
//Actifs = 20;
//Rendements = [ 0.00125, 0.56359, 0.1933, 0.80874, 0.58501, 0.47987, 0.35029, 0.89596, 0.82284, 0.7466, 0.17411, 0.85894, 0.7105, 0.51353, 0.30399, 0.01498, 0.0914, 0.36445, 0.14731, 0.1659 ];   // Expected return on investment

Actifs=3;
R=1.011;
Rendements=[1.0101110,1.0043532,1.0137058];

//R=1.;
//Actifs = 20;
//Rendements = [ 1.00125, 1.56359, 1.1933, 1.80874, 1.58501, 1.47987, 1.35029, 1.89596, 1.82284, 1.7466, 1.17411, 1.85894, 1.7105, 1.51353, 1.30399, 1.01498, 1.0914, 1.36445, 1.14731, 1.1659 ];   // Expected return on investment

a= 0.95;
bValues=[0.2,0.6,0.3];

s=1000;
yProbabilites=[[0.304, 0.437, 0.259], [0.279, 0.577, 0.144], [0.165, 0.435, 0.4], [0.364, 0.409, 0.227], [0.222, 0.289, 0.489], [0.356, 0.057, 0.587], [0.689, 0.064, 0.247], [0.405, 0.465, 0.13], [0.569, 0.226, 0.205], [0.118, 0.224, 0.658], [0.429, 0.441, 0.13], [0.262, 0.615, 0.123], [0.115, 0.435, 0.45], [0.405, 0.123, 0.472], [0.193, 0.328, 0.479], [0.245, 0.554, 0.201], [0.777, 0.178, 0.045], [0.319, 0.384, 0.297], [0.338, 0.392, 0.27], [0.075, 0.528, 0.397], [0.074, 0.573, 0.353], [0.312, 0.157, 0.531], [0.328, 0.113, 0.559], [0.193, 0.359, 0.448], [0.198, 0.33, 0.472], [0.067, 0.475, 0.458], [0.353, 0.388, 0.259], [0.4, 0.254, 0.346], [0.403, 0.187, 0.41], [0.098, 0.473, 0.429], [0.385, 0.43, 0.185], [0.799, 0.04, 0.161], [0.146, 0.528, 0.326], [0.033, 0.058, 0.909], [0.171, 0.486, 0.343], [0.062, 0.343, 0.595], [0.12, 0.2, 0.68], [0.338, 0.277, 0.385], [0.42, 0.052, 0.528], [0.572, 0.303, 0.125], [0.352, 0.239, 0.409], [0.316, 0.373, 0.311], [0.562, 0.185, 0.253], [0.469, 0.122, 0.409], [0.275, 0.301, 0.424], [0.075, 0.435, 0.49], [0.613, 0.165, 0.222], [0.307, 0.415, 0.278], [0.337, 0.042, 0.621], [0.283, 0.414, 0.303], [0.32, 0.353, 0.327], [0.443, 0.223, 0.334], [0.344, 0.406, 0.25], [0.468, 0.447, 0.085], [0.403, 0.446, 0.151], [0.277, 0.163, 0.56], [0.8, 0.094, 0.106], [0.479, 0.381, 0.14], [0.464, 0.166, 0.37], [0.487, 0.358, 0.155], [0.066, 0.347, 0.587], [0.271, 0.421, 0.308], [0.445, 0.145, 0.41], [0.265, 0.527, 0.208], [0.149, 0.729, 0.122], [0.122, 0.584, 0.294], [0.764, 0.036, 0.2], [0.558, 0.022, 0.42], [0.298, 0.609, 0.093], [0.579, 0.28, 0.141], [0.168, 0.432, 0.4], [0.267, 0.002, 0.731], [0.193, 0.612, 0.195], [0.641, 0.152, 0.207], [0.026, 0.391, 0.583], [0.179, 0.42, 0.401], [0.298, 0.319, 0.383], [0.339, 0.266, 0.395], [0.219, 0.512, 0.269], [0.089, 0.087, 0.824], [0.163, 0.3, 0.537], [0.456, 0.265, 0.279], [0.214, 0.411, 0.375], [0.195, 0.642, 0.163], [0.286, 0.156, 0.558], [0.411, 0.031, 0.558], [0.113, 0.267, 0.62], [0.101, 0.286, 0.613], [0.417, 0.384, 0.199], [0.258, 0.173, 0.569], [0.203, 0.399, 0.398], [0.295, 0.186, 0.519], [0.539, 0.34, 0.121], [0.381, 0.459, 0.16], [0.49, 0.274, 0.236], [0.044, 0.184, 0.772], [0.319, 0.284, 0.397], [0.448, 0.291, 0.261], [0.333, 0.544, 0.123], [0.35, 0.496, 0.154], [0.354, 0.452, 0.194], [0.28, 0.359, 0.361], [0.714, 0.231, 0.055], [0.42, 0.073, 0.507], [0.241, 0.467, 0.292], [0.373, 0.515, 0.112], [0.146, 0.428, 0.426], [0.451, 0.1, 0.449], [0.534, 0.026, 0.44], [0.235, 0.492, 0.273], [0.524, 0.414, 0.062], [0.349, 0.426, 0.225], [0.11, 0.465, 0.425], [0.178, 0.179, 0.643], [0.119, 0.13, 0.751], [0.148, 0.189, 0.663], [0.302, 0.376, 0.322], [0.351, 0.492, 0.157], [0.426, 0.092, 0.482], [0.456, 0.458, 0.086], [0.035, 0.343, 0.622], [0.002, 0.222, 0.776], [0.214, 0.31, 0.476], [0.141, 0.806, 0.053], [0.017, 0.331, 0.652], [0.066, 0.826, 0.108], [0.132, 0.736, 0.132], [0.173, 0.408, 0.419], [0.826, 0.099, 0.075], [0.148, 0.224, 0.628], [0.286, 0.241, 0.473], [0.45, 0.1, 0.45], [0.183, 0.399, 0.418], [0.014, 0.459, 0.527], [0.409, 0.212, 0.379], [0.278, 0.418, 0.304], [0.259, 0.275, 0.466], [0.324, 0.388, 0.288], [0.586, 0.003, 0.411], [0.056, 0.613, 0.331], [0.169, 0.31, 0.521], [0.108, 0.439, 0.453], [0.241, 0.741, 0.018], [0.51, 0.33, 0.16], [0.124, 0.026, 0.85], [0.418, 0.069, 0.513], [0.496, 0.028, 0.476], [0.309, 0.045, 0.646], [0.14, 0.418, 0.442], [0.136, 0.304, 0.56], [0.289, 0.408, 0.303], [0.313, 0.424, 0.263], [0.61, 0.115, 0.275], [0.375, 0.092, 0.533], [0.253, 0.606, 0.141], [0.408, 0.181, 0.411], [0.215, 0.268, 0.517], [0.341, 0.643, 0.016], [0.081, 0.861, 0.058], [0.428, 0.198, 0.374], [0.171, 0.592, 0.237], [0.803, 0.117, 0.08], [0.204, 0.516, 0.28], [0.632, 0.094, 0.274], [0.384, 0.334, 0.282], [0.696, 0.074, 0.23], [0.014, 0.822, 0.164], [0.226, 0.071, 0.703], [0.366, 0.255, 0.379], [0.211, 0.196, 0.593], [0.303, 0.37, 0.327], [0.563, 0.28, 0.157], [0.374, 0.299, 0.327], [0.251, 0.295, 0.454], [0.122, 0.626, 0.252], [0.27, 0.408, 0.322], [0.221, 0.505, 0.274], [0.249, 0.474, 0.277], [0.601, 0.099, 0.3], [0.383, 0.376, 0.241], [0.149, 0.559, 0.292], [0.254, 0.488, 0.258], [0.383, 0.191, 0.426], [0.289, 0.352, 0.359], [0.397, 0.406, 0.197], [0.321, 0.322, 0.357], [0.448, 0.279, 0.273], [0.763, 0.129, 0.108], [0.269, 0.189, 0.542], [0.723, 0.23, 0.047], [0.513, 0.456, 0.031], [0.498, 0.318, 0.184], [0.541, 0.012, 0.447], [0.376, 0.36, 0.264], [0.152, 0.4, 0.448], [0.247, 0.418, 0.335], [0.49, 0.475, 0.035], [0.339, 0.205, 0.456], [0.077, 0.83, 0.093], [0.063, 0.895, 0.042], [0.584, 0.16, 0.256], [0.467, 0.229, 0.304], [0.616, 0.254, 0.13], [0.35, 0.133, 0.517], [0.579, 0.3, 0.121], [0.491, 0.087, 0.422], [0.275, 0.447, 0.278], [0.04, 0.8, 0.16], [0.167, 0.2, 0.633], [0.535, 0.28, 0.185], [0.432, 0.265, 0.303], [0.331, 0.293, 0.376], [0.014, 0.864, 0.122], [0.502, 0.316, 0.182], [0.043, 0.619, 0.338], [0.408, 0.21, 0.382], [0.484, 0.474, 0.042], [0.279, 0.287, 0.434], [0.751, 0.122, 0.127], [0.106, 0.104, 0.79], [0.254, 0.468, 0.278], [0.165, 0.627, 0.208], [0.216, 0.398, 0.386], [0.233, 0.745, 0.022], [0.328, 0.442, 0.23], [0.323, 0.574, 0.103], [0.161, 0.386, 0.453], [0.15, 0.4, 0.45], [0.344, 0.299, 0.357], [0.565, 0.394, 0.041], [0.277, 0.011, 0.712], [0.376, 0.361, 0.263], [0.24, 0.576, 0.184], [0.069, 0.39, 0.541], [0.2, 0.045, 0.755], [0.399, 0.317, 0.284], [0.447, 0.371, 0.182], [0.447, 0.072, 0.481], [0.148, 0.407, 0.445], [0.461, 0.251, 0.288], [0.037, 0.668, 0.295], [0.397, 0.28, 0.323], [0.396, 0.352, 0.252], [0.394, 0.351, 0.255], [0.404, 0.45, 0.146], [0.034, 0.504, 0.462], [0.147, 0.439, 0.414], [0.243, 0.348, 0.409], [0.469, 0.334, 0.197], [0.236, 0.316, 0.448], [0.154, 0.403, 0.443], [0.214, 0.473, 0.313], [0.364, 0.032, 0.604], [0.417, 0.023, 0.56], [0.025, 0.797, 0.178], [0.293, 0.049, 0.658], [0.519, 0.321, 0.16], [0.63, 0.343, 0.027], [0.371, 0.345, 0.284], [0.315, 0.339, 0.346], [0.354, 0.364, 0.282], [0.482, 0.042, 0.476], [0.412, 0.043, 0.545], [0.37, 0.246, 0.384], [0.056, 0.29, 0.654], [0.475, 0.194, 0.331], [0.027, 0.345, 0.628], [0.217, 0.094, 0.689], [0.247, 0.674, 0.079], [0.167, 0.042, 0.791], [0.051, 0.427, 0.522], [0.374, 0.114, 0.512], [0.678, 0.219, 0.103], [0.129, 0.386, 0.485], [0.276, 0.711, 0.013], [0.696, 0.27, 0.034], [0.164, 0.684, 0.152], [0.257, 0.271, 0.472], [0.455, 0.19, 0.355], [0.549, 0.012, 0.439], [0.154, 0.582, 0.264], [0.096, 0.116, 0.788], [0.384, 0.522, 0.094], [0.377, 0.34, 0.283], [0.255, 0.497, 0.248], [0.265, 0.162, 0.573], [0.153, 0.352, 0.495], [0.312, 0.185, 0.503], [0.292, 0.276, 0.432], [0.072, 0.756, 0.172], [0.08, 0.487, 0.433], [0.193, 0.354, 0.453], [0.184, 0.405, 0.411], [0.452, 0.482, 0.066], [0.108, 0.515, 0.377], [0.235, 0.146, 0.619], [0.617, 0.372, 0.011], [0.532, 0.101, 0.367], [0.4, 0.443, 0.157], [0.234, 0.724, 0.042], [0.481, 0.001, 0.518], [0.095, 0.74, 0.165], [0.283, 0.303, 0.414], [0.461, 0.417, 0.122], [0.547, 0.057, 0.396], [0.121, 0.759, 0.12], [0.525, 0.17, 0.305], [0.692, 0.249, 0.059], [0.445, 0.088, 0.467], [0.54, 0.281, 0.179], [0.053, 0.371, 0.576], [0.346, 0.321, 0.333], [0.367, 0.368, 0.265], [0.073, 0.465, 0.462], [0.3, 0.467, 0.233], [0.051, 0.701, 0.248], [0.368, 0.192, 0.44], [0.339, 0.352, 0.309], [0.217, 0.722, 0.061], [0.332, 0.311, 0.357], [0.027, 0.471, 0.502], [0.188, 0.438, 0.374], [0.249, 0.613, 0.138], [0.179, 0.108, 0.713], [0.35, 0.27, 0.38], [0.325, 0.297, 0.378], [0.633, 0.102, 0.265], [0.377, 0.313, 0.31], [0.32, 0.327, 0.353], [0.095, 0.487, 0.418], [0.065, 0.117, 0.818], [0.398, 0.323, 0.279], [0.128, 0.566, 0.306], [0.281, 0.179, 0.54], [0.305, 0.685, 0.01], [0.376, 0.272, 0.352], [0.343, 0.336, 0.321], [0.13, 0.384, 0.486], [0.425, 0.407, 0.168], [0.391, 0.361, 0.248], [0.146, 0.458, 0.396], [0.415, 0.025, 0.56], [0.06, 0.167, 0.773], [0.462, 0.331, 0.207], [0.169, 0.355, 0.476], [0.235, 0.443, 0.322], [0.654, 0.106, 0.24], [0.324, 0.461, 0.215], [0.39, 0.432, 0.178], [0.042, 0.531, 0.427], [0.38, 0.097, 0.523], [0.844, 0.143, 0.013], [0.372, 0.172, 0.456], [0.485, 0.035, 0.48], [0.548, 0.387, 0.065], [0.451, 0.086, 0.463], [0.147, 0.595, 0.258], [0.196, 0.021, 0.783], [0.237, 0.252, 0.511], [0.445, 0.108, 0.447], [0.189, 0.055, 0.756], [0.15, 0.33, 0.52], [0.403, 0.52, 0.077], [0.411, 0.282, 0.307], [0.636, 0.134, 0.23], [0.953, 0.014, 0.033], [0.31, 0.292, 0.398], [0.223, 0.556, 0.221], [0.179, 0.809, 0.012], [0.271, 0.357, 0.372], [0.547, 0.055, 0.398], [0.06, 0.696, 0.244], [0.4, 0.441, 0.159], [0.258, 0.153, 0.589], [0.427, 0.153, 0.42], [0.369, 0.378, 0.253], [0.216, 0.378, 0.406], [0.276, 0.334, 0.39], [0.443, 0.43, 0.127], [0.604, 0.366, 0.03], [0.341, 0.33, 0.329], [0.62, 0.374, 0.006], [0.544, 0.173, 0.283], [0.488, 0.035, 0.477], [0.346, 0.408, 0.246], [0.308, 0.138, 0.554], [0.428, 0.449, 0.123], [0.201, 0.346, 0.453], [0.28, 0.541, 0.179], [0.008, 0.79, 0.202], [0.078, 0.45, 0.472], [0.315, 0.394, 0.291], [0.431, 0.318, 0.251], [0.129, 0.521, 0.35], [0.606, 0.195, 0.199], [0.36, 0.483, 0.157], [0.458, 0.055, 0.487], [0.184, 0.813, 0.003], [0.551, 0.318, 0.131], [0.523, 0.144, 0.333], [0.416, 0.117, 0.467], [0.388, 0.103, 0.509], [0.227, 0.374, 0.399], [0.267, 0.287, 0.446], [0.271, 0.349, 0.38], [0.237, 0.149, 0.614], [0.643, 0.034, 0.323], [0.069, 0.594, 0.337], [0.403, 0.487, 0.11], [0.444, 0.199, 0.357], [0.303, 0.444, 0.253], [0.235, 0.672, 0.093], [0.532, 0.261, 0.207], [0.486, 0.051, 0.463], [0.333, 0.227, 0.44], [0.388, 0.033, 0.579], [0.424, 0.357, 0.219], [0.455, 0.258, 0.287], [0.264, 0.5, 0.236], [0.515, 0.408, 0.077], [0.32, 0.358, 0.322], [0.257, 0.147, 0.596], [0.31, 0.444, 0.246], [0.388, 0.325, 0.287], [0.418, 0.307, 0.275], [0.585, 0.335, 0.08], [0.371, 0.325, 0.304], [0.241, 0.313, 0.446], [0.152, 0.317, 0.531], [0.333, 0.383, 0.284], [0.27, 0.597, 0.133], [0.396, 0.12, 0.484], [0.455, 0.221, 0.324], [0.338, 0.328, 0.334], [0.517, 0.337, 0.146], [0.125, 0.436, 0.439], [0.342, 0.473, 0.185], [0.142, 0.477, 0.381], [0.35, 0.342, 0.308], [0.295, 0.337, 0.368], [0.114, 0.506, 0.38], [0.339, 0.278, 0.383], [0.545, 0.307, 0.148], [0.13, 0.444, 0.426], [0.633, 0.171, 0.196], [0.458, 0.53, 0.012], [0.077, 0.461, 0.462], [0.438, 0.117, 0.445], [0.299, 0.404, 0.297], [0.137, 0.564, 0.299], [0.196, 0.458, 0.346], [0.606, 0.146, 0.248], [0.443, 0.368, 0.189], [0.04, 0.421, 0.539], [0.378, 0.163, 0.459], [0.565, 0.088, 0.347], [0.26, 0.37, 0.37], [0.406, 0.236, 0.358], [0.364, 0.378, 0.258], [0.003, 0.502, 0.495], [0.377, 0.248, 0.375], [0.351, 0.409, 0.24], [0.387, 0.38, 0.233], [0.562, 0.08, 0.358], [0.159, 0.262, 0.579], [0.104, 0.418, 0.478], [0.444, 0.182, 0.374], [0.149, 0.339, 0.512], [0.488, 0.373, 0.139], [0.292, 0.02, 0.688], [0.446, 0.435, 0.119], [0.464, 0.11, 0.426], [0.328, 0.308, 0.364], [0.122, 0.377, 0.501], [0.263, 0.475, 0.262], [0.024, 0.294, 0.682], [0.486, 0.33, 0.184], [0.597, 0.053, 0.35], [0.303, 0.382, 0.315], [0.389, 0.222, 0.389], [0.728, 0.027, 0.245], [0.59, 0.207, 0.203], [0.408, 0.234, 0.358], [0.19, 0.336, 0.474], [0.435, 0.554, 0.011], [0.439, 0.286, 0.275], [0.274, 0.125, 0.601], [0.093, 0.669, 0.238], [0.391, 0.282, 0.327], [0.323, 0.289, 0.388], [0.225, 0.412, 0.363], [0.69, 0.106, 0.204], [0.588, 0.138, 0.274], [0.655, 0.224, 0.121], [0.383, 0.614, 0.003], [0.433, 0.026, 0.541], [0.379, 0.526, 0.095], [0.301, 0.409, 0.29], [0.539, 0.365, 0.096], [0.464, 0.279, 0.257], [0.355, 0.386, 0.259], [0.441, 0.272, 0.287], [0.225, 0.362, 0.413], [0.469, 0.01, 0.521], [0.137, 0.414, 0.449], [0.195, 0.216, 0.589], [0.386, 0.339, 0.275], [0.163, 0.121, 0.716], [0.195, 0.402, 0.403], [0.328, 0.463, 0.209], [0.334, 0.395, 0.271], [0.266, 0.113, 0.621], [0.292, 0.254, 0.454], [0.159, 0.494, 0.347], [0.367, 0.166, 0.467], [0.381, 0.42, 0.199], [0.123, 0.461, 0.416], [0.365, 0.331, 0.304], [0.209, 0.299, 0.492], [0.584, 0.123, 0.293], [0.201, 0.363, 0.436], [0.435, 0.487, 0.078], [0.016, 0.673, 0.311], [0.269, 0.128, 0.603], [0.529, 0.165, 0.306], [0.189, 0.393, 0.418], [0.149, 0.443, 0.408], [0.677, 0.097, 0.226], [0.68, 0.009, 0.311], [0.483, 0.273, 0.244], [0.134, 0.819, 0.047], [0.352, 0.285, 0.363], [0.165, 0.381, 0.454], [0.601, 0.131, 0.268], [0.309, 0.361, 0.33], [0.153, 0.439, 0.408], [0.077, 0.522, 0.401], [0.408, 0.546, 0.046], [0.454, 0.197, 0.349], [0.484, 0.26, 0.256], [0.402, 0.067, 0.531], [0.511, 0.378, 0.111], [0.422, 0.375, 0.203], [0.579, 0.166, 0.255], [0.285, 0.259, 0.456], [0.232, 0.442, 0.326], [0.734, 0.147, 0.119], [0.297, 0.41, 0.293], [0.164, 0.23, 0.606], [0.001, 0.523, 0.476], [0.693, 0.237, 0.07], [0.486, 0.441, 0.073], [0.006, 0.271, 0.723], [0.396, 0.419, 0.185], [0.294, 0.573, 0.133], [0.797, 0.158, 0.045], [0.287, 0.145, 0.568], [0.125, 0.49, 0.385], [0.381, 0.129, 0.49], [0.337, 0.105, 0.558], [0.894, 0.041, 0.065], [0.36, 0.253, 0.387], [0.235, 0.336, 0.429], [0.088, 0.636, 0.276], [0.255, 0.732, 0.013], [0.509, 0.45, 0.041], [0.296, 0.577, 0.127], [0.149, 0.719, 0.132], [0.36, 0.212, 0.428], [0.049, 0.282, 0.669], [0.567, 0.023, 0.41], [0.216, 0.177, 0.607], [0.094, 0.318, 0.588], [0.285, 0.224, 0.491], [0.424, 0.294, 0.282], [0.722, 0.045, 0.233], [0.254, 0.441, 0.305], [0.485, 0.201, 0.314], [0.307, 0.146, 0.547], [0.253, 0.566, 0.181], [0.332, 0.333, 0.335], [0.231, 0.329, 0.44], [0.419, 0.185, 0.396], [0.268, 0.203, 0.529], [0.213, 0.052, 0.735], [0.047, 0.159, 0.794], [0.405, 0.091, 0.504], [0.014, 0.5, 0.486], [0.102, 0.446, 0.452], [0.613, 0.221, 0.166], [0.389, 0.196, 0.415], [0.721, 0.217, 0.062], [0.059, 0.691, 0.25], [0.216, 0.459, 0.325], [0.667, 0.301, 0.032], [0.284, 0.478, 0.238], [0.353, 0.258, 0.389], [0.402, 0.28, 0.318], [0.558, 0.234, 0.208], [0.371, 0.282, 0.347], [0.207, 0.497, 0.296], [0.186, 0.579, 0.235], [0.332, 0.298, 0.37], [0.341, 0.337, 0.322], [0.33, 0.452, 0.218], [0.337, 0.291, 0.372], [0.341, 0.308, 0.351], [0.148, 0.826, 0.026], [0.37, 0.616, 0.014], [0.218, 0.318, 0.464], [0.477, 0.127, 0.396], [0.618, 0.089, 0.293], [0.117, 0.476, 0.407], [0.413, 0.232, 0.355], [0.809, 0.122, 0.069], [0.591, 0.228, 0.181], [0.498, 0.468, 0.034], [0.232, 0.118, 0.65], [0.526, 0.225, 0.249], [0.261, 0.457, 0.282], [0.228, 0.64, 0.132], [0.396, 0.464, 0.14], [0.464, 0.1, 0.436], [0.11, 0.101, 0.789], [0.334, 0.591, 0.075], [0.513, 0.115, 0.372], [0.219, 0.166, 0.615], [0.43, 0.224, 0.346], [0.515, 0.31, 0.175], [0.57, 0.064, 0.366], [0.251, 0.599, 0.15], [0.301, 0.418, 0.281], [0.226, 0.677, 0.097], [0.085, 0.413, 0.502], [0.371, 0.329, 0.3], [0.357, 0.237, 0.406], [0.313, 0.314, 0.373], [0.416, 0.122, 0.462], [0.282, 0.505, 0.213], [0.149, 0.797, 0.054], [0.311, 0.289, 0.4], [0.36, 0.433, 0.207], [0.101, 0.389, 0.51], [0.335, 0.295, 0.37], [0.274, 0.365, 0.361], [0.509, 0.077, 0.414], [0.312, 0.191, 0.497], [0.483, 0.177, 0.34], [0.194, 0.668, 0.138], [0.345, 0.442, 0.213], [0.116, 0.794, 0.09], [0.272, 0.245, 0.483], [0.239, 0.426, 0.335], [0.234, 0.058, 0.708], [0.422, 0.212, 0.366], [0.124, 0.574, 0.302], [0.379, 0.164, 0.457], [0.381, 0.334, 0.285], [0.359, 0.332, 0.309], [0.449, 0.531, 0.02], [0.439, 0.069, 0.492], [0.536, 0.311, 0.153], [0.219, 0.294, 0.487], [0.452, 0.257, 0.291], [0.231, 0.284, 0.485], [0.227, 0.419, 0.354], [0.676, 0.281, 0.043], [0.272, 0.433, 0.295], [0.496, 0.258, 0.246], [0.217, 0.563, 0.22], [0.578, 0.34, 0.082], [0.475, 0.15, 0.375], [0.355, 0.123, 0.522], [0.332, 0.13, 0.538], [0.435, 0.507, 0.058], [0.228, 0.404, 0.368], [0.29, 0.365, 0.345], [0.26, 0.622, 0.118], [0.308, 0.334, 0.358], [0.158, 0.385, 0.457], [0.188, 0.771, 0.041], [0.312, 0.253, 0.435], [0.661, 0.179, 0.16], [0.212, 0.462, 0.326], [0.39, 0.395, 0.215], [0.416, 0.019, 0.565], [0.025, 0.46, 0.515], [0.458, 0.461, 0.081], [0.012, 0.717, 0.271], [0.553, 0.012, 0.435], [0.162, 0.403, 0.435], [0.27, 0.483, 0.247], [0.248, 0.051, 0.701], [0.299, 0.262, 0.439], [0.588, 0.143, 0.269], [0.444, 0.497, 0.059], [0.445, 0.536, 0.019], [0.084, 0.236, 0.68], [0.147, 0.725, 0.128], [0.192, 0.434, 0.374], [0.142, 0.133, 0.725], [0.51, 0.129, 0.361], [0.546, 0.445, 0.009], [0.607, 0.346, 0.047], [0.878, 0.056, 0.066], [0.759, 0.19, 0.051], [0.3, 0.413, 0.287], [0.134, 0.41, 0.456], [0.525, 0.416, 0.059], [0.174, 0.5, 0.326], [0.576, 0.134, 0.29], [0.091, 0.314, 0.595], [0.145, 0.309, 0.546], [0.299, 0.515, 0.186], [0.425, 0.239, 0.336], [0.007, 0.381, 0.612], [0.296, 0.282, 0.422], [0.437, 0.413, 0.15], [0.303, 0.283, 0.414], [0.487, 0.088, 0.425], [0.33, 0.159, 0.511], [0.016, 0.747, 0.237], [0.331, 0.21, 0.459], [0.826, 0.001, 0.173], [0.332, 0.2, 0.468], [0.11, 0.731, 0.159], [0.679, 0.001, 0.32], [0.304, 0.306, 0.39], [0.334, 0.323, 0.343], [0.074, 0.867, 0.059], [0.424, 0.539, 0.037], [0.429, 0.035, 0.536], [0.118, 0.816, 0.066], [0.222, 0.207, 0.571], [0.242, 0.175, 0.583], [0.357, 0.218, 0.425], [0.196, 0.223, 0.581], [0.197, 0.134, 0.669], [0.248, 0.504, 0.248], [0.544, 0.239, 0.217], [0.218, 0.703, 0.079], [0.1, 0.174, 0.726], [0.361, 0.526, 0.113], [0.283, 0.399, 0.318], [0.42, 0.116, 0.464], [0.067, 0.326, 0.607], [0.426, 0.103, 0.471], [0.303, 0.327, 0.37], [0.285, 0.449, 0.266], [0.195, 0.573, 0.232], [0.514, 0.216, 0.27], [0.456, 0.246, 0.298], [0.288, 0.156, 0.556], [0.469, 0.477, 0.054], [0.395, 0.391, 0.214], [0.024, 0.165, 0.811], [0.09, 0.757, 0.153], [0.327, 0.608, 0.065], [0.338, 0.336, 0.326], [0.302, 0.122, 0.576], [0.01, 0.357, 0.633], [0.23, 0.679, 0.091], [0.093, 0.878, 0.029], [0.358, 0.415, 0.227], [0.599, 0.204, 0.197], [0.223, 0.638, 0.139], [0.336, 0.386, 0.278], [0.117, 0.562, 0.321], [0.366, 0.328, 0.306], [0.067, 0.612, 0.321], [0.234, 0.408, 0.358], [0.321, 0.113, 0.566], [0.081, 0.104, 0.815], [0.468, 0.202, 0.33], [0.774, 0.105, 0.121], [0.147, 0.62, 0.233], [0.223, 0.518, 0.259], [0.283, 0.252, 0.465], [0.039, 0.663, 0.298], [0.581, 0.255, 0.164], [0.405, 0.152, 0.443], [0.307, 0.384, 0.309], [0.439, 0.084, 0.477], [0.434, 0.314, 0.252], [0.491, 0.448, 0.061], [0.244, 0.28, 0.476], [0.696, 0.189, 0.115], [0.047, 0.543, 0.41], [0.272, 0.363, 0.365], [0.28, 0.351, 0.369], [0.374, 0.225, 0.401], [0.315, 0.325, 0.36], [0.183, 0.606, 0.211], [0.467, 0.189, 0.344], [0.364, 0.38, 0.256], [0.475, 0.34, 0.185], [0.556, 0.001, 0.443], [0.432, 0.47, 0.098], [0.049, 0.904, 0.047], [0.222, 0.172, 0.606], [0.318, 0.4, 0.282], [0.544, 0.432, 0.024], [0.145, 0.158, 0.697], [0.374, 0.292, 0.334], [0.177, 0.449, 0.374], [0.295, 0.537, 0.168], [0.282, 0.369, 0.349], [0.452, 0.461, 0.087], [0.215, 0.316, 0.469], [0.072, 0.635, 0.293], [0.259, 0.344, 0.397], [0.196, 0.361, 0.443], [0.319, 0.414, 0.267], [0.517, 0.186, 0.297], [0.176, 0.156, 0.668], [0.123, 0.52, 0.357], [0.338, 0.304, 0.358], [0.182, 0.271, 0.547], [0.237, 0.511, 0.252], [0.138, 0.669, 0.193], [0.348, 0.407, 0.245], [0.376, 0.047, 0.577], [0.624, 0.323, 0.053], [0.32, 0.528, 0.152], [0.477, 0.028, 0.495], [0.29, 0.35, 0.36], [0.29, 0.036, 0.674], [0.336, 0.403, 0.261], [0.148, 0.275, 0.577], [0.007, 0.234, 0.759], [0.46, 0.055, 0.485], [0.552, 0.25, 0.198], [0.469, 0.224, 0.307], [0.636, 0.045, 0.319], [0.545, 0.37, 0.085], [0.909, 0.005, 0.086], [0.263, 0.226, 0.511], [0.389, 0.27, 0.341], [0.697, 0.073, 0.23], [0.343, 0.489, 0.168], [0.346, 0.311, 0.343], [0.46, 0.523, 0.017], [0.514, 0.131, 0.355], [0.288, 0.417, 0.295], [0.294, 0.588, 0.118], [0.05, 0.388, 0.562], [0.37, 0.43, 0.2], [0.494, 0.128, 0.378], [0.296, 0.387, 0.317], [0.389, 0.027, 0.584], [0.343, 0.474, 0.183], [0.411, 0.328, 0.261], [0.237, 0.307, 0.456], [0.519, 0.366, 0.115], [0.414, 0.579, 0.007], [0.112, 0.017, 0.871], [0.353, 0.284, 0.363], [0.216, 0.477, 0.307], [0.673, 0.15, 0.177], [0.596, 0.202, 0.202], [0.298, 0.521, 0.181], [0.258, 0.052, 0.69], [0.297, 0.179, 0.524], [0.09, 0.633, 0.277], [0.322, 0.387, 0.291], [0.363, 0.405, 0.232], [0.225, 0.466, 0.309], [0.025, 0.181, 0.794], [0.353, 0.42, 0.227], [0.054, 0.881, 0.065], [0.443, 0.427, 0.13], [0.403, 0.099, 0.498], [0.557, 0.115, 0.328], [0.623, 0.221, 0.156], [0.23, 0.367, 0.403], [0.358, 0.411, 0.231], [0.599, 0.309, 0.092], [0.575, 0.304, 0.121], [0.358, 0.298, 0.344], [0.742, 0.178, 0.08], [0.318, 0.409, 0.273], [0.187, 0.574, 0.239], [0.303, 0.171, 0.526], [0.232, 0.158, 0.61], [0.31, 0.561, 0.129], [0.206, 0.393, 0.401], [0.332, 0.423, 0.245], [0.476, 0.367, 0.157], [0.481, 0.342, 0.177], [0.81, 0.065, 0.125], [0.639, 0.34, 0.021], [0.401, 0.119, 0.48], [0.559, 0.273, 0.168], [0.064, 0.159, 0.777], [0.701, 0.035, 0.264], [0.259, 0.249, 0.492], [0.195, 0.511, 0.294], [0.145, 0.09, 0.765], [0.376, 0.251, 0.373], [0.434, 0.25, 0.316], [0.066, 0.161, 0.773], [0.24, 0.442, 0.318], [0.758, 0.184, 0.058], [0.331, 0.197, 0.472], [0.343, 0.313, 0.344], [0.315, 0.22, 0.465], [0.483, 0.346, 0.171], [0.337, 0.36, 0.303], [0.49, 0.461, 0.049], [0.34, 0.379, 0.281], [0.654, 0.058, 0.288], [0.225, 0.678, 0.097], [0.528, 0.116, 0.356], [0.417, 0.487, 0.096], [0.31, 0.064, 0.626], [0.64, 0.282, 0.078], [0.28, 0.709, 0.011], [0.093, 0.743, 0.164], [0.672, 0.301, 0.027], [0.277, 0.31, 0.413], [0.894, 0.021, 0.085], [0.02, 0.535, 0.445], [0.357, 0.016, 0.627], [0.502, 0.294, 0.204], [0.449, 0.227, 0.324], [0.234, 0.144, 0.622], [0.418, 0.531, 0.051], [0.232, 0.176, 0.592], [0.424, 0.394, 0.182], [0.63, 0.245, 0.125], [0.338, 0.45, 0.212], [0.232, 0.288, 0.48], [0.334, 0.636, 0.03], [0.237, 0.664, 0.099], [0.47, 0.194, 0.336], [0.669, 0.189, 0.142], [0.072, 0.87, 0.058], [0.418, 0.2, 0.382], [0.124, 0.334, 0.542], [0.189, 0.792, 0.019], [0.147, 0.61, 0.243], [0.797, 0.186, 0.017], [0.384, 0.585, 0.031], [0.633, 0.009, 0.358], [0.037, 0.43, 0.533], [0.407, 0.186, 0.407], [0.384, 0.139, 0.477], [0.402, 0.338, 0.26], [0.492, 0.381, 0.127], [0.001, 0.058, 0.941], [0.234, 0.536, 0.23], [0.159, 0.026, 0.815], [0.686, 0.055, 0.259], [0.065, 0.357, 0.578], [0.367, 0.237, 0.396], [0.174, 0.311, 0.515], [0.332, 0.37, 0.298], [0.205, 0.407, 0.388], [0.29, 0.198, 0.512], [0.431, 0.38, 0.189], [0.478, 0.167, 0.355], [0.005, 0.58, 0.415], [0.209, 0.604, 0.187], [0.391, 0.174, 0.435], [0.372, 0.185, 0.443], [0.164, 0.346, 0.49], [0.315, 0.384, 0.301], [0.175, 0.43, 0.395], [0.17, 0.392, 0.438], [0.281, 0.472, 0.247], [0.06, 0.139, 0.801], [0.062, 0.641, 0.297], [0.364, 0.258, 0.378], [0.271, 0.48, 0.249], [0.265, 0.481, 0.254], [0.27, 0.547, 0.183], [0.188, 0.208, 0.604], [0.017, 0.394, 0.589], [0.103, 0.287, 0.61], [0.291, 0.298, 0.411], [0.4, 0.37, 0.23], [0.322, 0.332, 0.346], [0.276, 0.291, 0.433], [0.284, 0.333, 0.383], [0.492, 0.067, 0.441], [0.342, 0.496, 0.162], [0.353, 0.299, 0.348], [0.496, 0.077, 0.427], [0.487, 0.066, 0.447], [0.214, 0.421, 0.365], [0.042, 0.015, 0.943], [0.187, 0.644, 0.169], [0.433, 0.11, 0.457], [0.554, 0.413, 0.033], [0.398, 0.312, 0.29], [0.298, 0.372, 0.33], [0.316, 0.345, 0.339], [0.152, 0.765, 0.083], [0.136, 0.596, 0.268]];

//s=1000;
